100
384 887 777 1692
794 336 386 878
650 422 362 389
691 60 763 1689
541 427 172 908
212 369 567 996
783 531 862 985
68 136 929 1731
23 59 69 236
394 457 11 53
230 374 421 1340
785 538 198 522
316 371 413 939
92 981 956 1829
863 171 996 1277
306 926 84 411
337 506 846 1575
314 858 124 1019
583 546 814 1181
435 365 43 793
88 809 276 454
789 585 403 1054
755 400 932 992
677 369 739 751
227 587 94 633
796 571 434 812
468 602 97 999
318 493 652 1408
302 281 286 727
866 690 444 1063
441 730 31 148
98 772 481 1156
710 928 567 1423
498 354 586 1551
307 684 219 843
529 872 732 1561
504 20 270 638
709 716 340 489
797 724 618 863
847 452 921 1476
380 489 764 992
842 351 193 693
35 765 124 1038
988 857 743 1234
228 366 859 1795
433 552 437 665
276 408 474 595
859 396 29 266
236 794 818 1246
144 12 928 1457
777 405 443 1206
614 539 606 1446
905 819 128 816
370 918 917 1913
325 744 470 653
491 500 772 1497
645 591 505 644
955 787 669 751
543 465 197 704
356 805 348 959
623 829 299 642
747 569 340 762
312 811 605 1406
662 731 878 1183
321 737 444 1070
523 466 708 1124
283 259 924 1561
63 625 600 636
453 900 379 929
469 72 973 1104
882 931 933 1827
661 164 199 1180
900 997 959 1732
814 669 190 285
927 467 84 424
91 685 376 918
937 108 445 1201
180 419 887 1299
349 173 659 668
337 211 342 929
207 302 713 1085
322 256 819 1418
722 905 939 1750
941 668 705 933
128 151 984 1642
921 225 422 691
397 82 630 714
293 973 672 1522
626 386 222 521
641 43 898 1611
299 191 524 1114
210 582 819 1155
733 156 994 998
380 770 273 1049
851 256 860 1002
580 885 993 1198
622 568 504 1117
962 755 326 585
945 203 202 708
785 22 842 1710
